00000000
11111111
11111111
11111111
11111111
11111111
11111111
00000000
00110001
11011000
00000000
00000000
00000000
00000000
00000000
00000000
00000101
00010110
00000001
00000011
01101101
00110010
00011100
01111000
11101010
01011110
11000000
10100100
01011001
01001010
10011000
00100101
00100000
01010000
01010100
00000000
00000000
00000000
00000001
00000001
00000001
00000001
00000001
00000001
00000001
00000001
00000001
00000001
00000001
00000001
00000001
00000001
00000001
00000001
10000001
00001110
00000000
01110010
01010001
11010000
00011110
00100000
01101110
00101000
01010101
00000000
11110100
00011001
00010001
00000000
00000000
00011110
00000000
00000000
00000000
11111111
00000000
01001100
01101001
01101110
01110101
01111000
00100000
00100011
00110000
00001010
00100000
00100000
00100000
00100000
00000000
00000000
00000000
11111101
00000000
00011101
00011111
00010101
00010111
00000100
00000000
00001010
00100000
00100000
00100000
00100000
00100000
00100000
00000000
00000000
00000000
11111100
00000000
01001100
01101001
01101110
01110101
01111000
00100000
01001000
01000100
00110011
00110000
00001010
00100000
00100000
00000000
10100000
